3 3 38 3 13 38
13 13 38 13 3 38
3 3 38 13 3 38
13 13 38 3 13 38
3 3 48 3 13 48
13 13 48 13 3 48
3 3 48 13 3 48
13 13 48 3 13 48
3 3 48 3 3 38
3 13 48 3 13 38
13 3 48 13 3 38 
13 13 48 13 13 38
-3 3 38 -3 13 38
-13 13 38 -13 3 38
-3 3 38 -13 3 38
-13 13 38 -3 13 38
-3 3 48 -3 13 48
-13 13 48 -13 3 48
-3 3 48 -13 3 48
-13 13 48 -3 13 48
-3 3 48 -3 3 38
-3 13 48 -3 13 38
-13 3 48 -13 3 38 
-13 13 48 -13 13 38
3 -3 38 3 -13 38
13 -13 38 13 -3 38
3 -3 38 13 -3 38
13 -13 38 3 -13 38
3 -3 48 3 -13 48
13 -13 48 13 -3 48
3 -3 48 13 -3 48
13 -13 48 3 -13 48
3 -3 48 3 -3 38
3 -13 48 3 -13 38
13 -3 48 13 -3 38 
13 -13 48 13 -13 38
-3 -3 38 -3 -13 38
-13 -13 38 -13 -3 38
-3 -3 38 -13 -3 38
-13 -13 38 -3 -13 38
-3 -3 48 -3 -13 48
-13 -13 48 -13 -3 48
-3 -3 48 -13 -3 48
-13 -13 48 -3 -13 48
-3 -3 48 -3 -3 38
-3 -13 48 -3 -13 38
-13 -3 48 -13 -3 38 
-13 -13 48 -13 -13 38
3 3 58 3 13 58
13 13 58 13 3 58
3 3 58 13 3 58
13 13 58 3 13 58
3 3 68 3 13 68
13 13 68 13 3 68
3 3 68 13 3 68
13 13 68 3 13 68
3 3 68 3 3 58
3 13 68 3 13 58
13 3 68 13 3 58
13 13 68 13 13 58
-3 3 58 -3 13 58
-13 13 58 -13 3 58
-3 3 58 -13 3 58
-13 13 58 -3 13 58
-3 3 68 -3 13 68
-13 13 68 -13 3 68
-3 3 68 -13 3 68
-13 13 68 -3 13 68
-3 3 68 -3 3 58
-3 13 68 -3 13 58
-13 3 68 -13 3 58
-13 13 68 -13 13 58
3 -3 58 3 -13 58
13 -13 58 13 -3 58
3 -3 58 13 -3 58
13 -13 58 3 -13 58
3 -3 68 3 -13 68
13 -13 68 13 -3 68
3 -3 68 13 -3 68
13 -13 68 3 -13 68
3 -3 68 3 -3 58
3 -13 68 3 -13 58
13 -3 68 13 -3 58
13 -13 68 13 -13 58
-3 -3 58 -3 -13 58
-13 -13 58 -13 -3 58
-3 -3 58 -13 -3 58
-13 -13 58 -3 -13 58
-3 -3 68 -3 -13 68
-13 -13 68 -13 -3 68
-3 -3 68 -13 -3 68
-13 -13 68 -3 -13 68
-3 -3 68 -3 -3 58
-3 -13 68 -3 -13 58
-13 -3 68 -13 -3 58
-13 -13 68 -13 -13 58